"19970526" 365 -99.9 999 -99.9 999 9999.9 999 999.9 999 999.9  999 999.9 999 9999.9 9999.9 26/05/1997"
""
" This file is SPACE DELIMITED for easy import into both spreadsheets and programs."
"The first line 19970526 contains dummy data and is provided to allow spreadsheets to sense the columns"
" To read into a spreadsheet select DELIMITED and SPACE."
" "
" "
"=========  The following essential information and notes should be kept in the data file =========="
" "
"The Data Drill system and data are copyright to the Queensland Government Department of Environment and Science"
"SILO data, with the exception of Patched Point data for Queensland, are supplied to the licencee only and may not be given, lent, or sold to any other party"
" "
"Notes:"
" * Data Drill for Lat, Long: -24.73 150.13 (DECIMAL DEGREES), 24 43'S 150 08'E "
" * Elevation: 182 m "
" * Extracted from SILO on 20210504 "
" * Please read the documentation on the Data Drill at http://www.longpaddock.qld.gov.au/silo"
" "
" * As evaporation is read at 9am, it has been shifted to the day before"
"    ie The evaporation measured on 20 April is in row for 19 April"
" * The 6 Source columns Smx, Smn, Srn, Sev, Ssl, Svp indicate the source of the data to their left, namely Max temp, Min temp, Rainfall, Evaporation, Radiation and Vapour Pressure respectively"
"   25 = interpolated daily observations,     75 = interpolated long term average"
" "
" * Relative Humidity has been calculated using 9am VP, T.Max and T.Min"
"   RHmaxT is estimated Relative Humidity at Temperature T.Max"
"   RHminT is estimated Relative Humidity at Temperature T.Min"
" * The accuracy of the data depends on many factors including date, location, and variable."
"   For consistency data is supplied using one decimal place, however it is not accurate to that precision."
"   Further information is available from http://www.longpaddock.qld.gov.au/silo"
"===================================================================================================="
" "
Date       Day T.Max Smx T.Min Smn Rain   Srn  Evap Sev Radn   Ssl VP    Svp RHmaxT RHminT Date2
(yyyymmdd)  ()  (oC)  ()  (oC)  ()   (mm)  ()  (mm)  () (MJ/m2) () (hPa)  ()   (%)    (%)  (ddmmyyyy)
20141101   305  35.3  25  18.5  25    0.0  25   8.8  25  27.6   25  18.4  25   32.2   86.4  1/11/2014
20141102   306  33.8  25  19.6  25    0.0  25   6.5  25  17.9   25  18.4  25   35.0   80.7  2/11/2014
20141103   307  27.0  25  19.9  25    2.0  25   3.7  25   9.6   25  19.2  25   53.9   82.7  3/11/2014
20141104   308  30.7  25  16.7  25   18.8  25   6.7  25  25.4   25  16.1  25   36.5   84.7  4/11/2014
20141105   309  31.9  25  13.2  25    0.0  25   6.9  25  26.3   25  13.9  25   29.4   91.7  5/11/2014
20141106   310  34.6  25  15.5  25    0.0  25   7.6  25  27.5   25  15.3  25   27.8   86.9  6/11/2014
20141107   311  37.0  25  16.8  25    0.0  25   8.0  25  27.0   25  18.2  25   29.0   95.2  7/11/2014
20141108   312  34.8  25  16.9  25    0.0  25   7.9  25  27.5   25  17.0  25   30.6   88.3  8/11/2014
20141109   313  35.6  25  17.2  25    0.0  25   8.8  25  28.1   25  15.8  25   27.2   80.6  9/11/2014
20141110   314  34.4  25  16.2  25    0.0  25   7.9  25  24.9   25  17.1  25   31.4   92.9 10/11/2014
20141111   315  35.0  25  16.7  25    0.0  25   8.1  25  27.5   25  17.9  25   31.8   94.2 11/11/2014
20141112   316  35.4  25  15.3  25    0.0  25   8.1  25  29.4   25  17.1  25   29.7   98.4 12/11/2014
20141113   317  36.1  25  16.7  25    0.0  25   9.5  25  29.4   25  17.8  25   29.8   93.7 13/11/2014
20141114   318  36.8  25  17.5  25    0.0  25   8.7  25  29.4   25  19.2  25   30.9   96.1 14/11/2014
20141115   319  39.1  25  18.4  25    0.0  25   9.6  25  29.6   25  19.9  25   28.3   94.1 15/11/2014
20141116   320  40.8  25  20.4  25    0.0  25  10.1  25  25.0   25  19.0  25   24.7   79.3 16/11/2014
20141117   321  39.9  25  21.3  25    0.0  25   9.4  25  26.9   25  15.6  25   21.3   61.6 17/11/2014
20141118   322  39.3  25  23.4  25    0.2  25   9.4  25  24.0   25  20.6  25   29.0   71.6 18/11/2014
20141119   323  36.4  25  23.1  25    0.0  25   8.2  25  18.8   25  23.1  25   38.0   81.8 19/11/2014
20141120   324  34.4  25  19.2  25    5.6  25   7.3  25  25.1   25  20.7  25   38.1   93.1 20/11/2014
20141121   325  36.4  25  22.6  25    0.0  25   8.2  25  25.3   25  21.8  25   35.9   79.5 21/11/2014
20141122   326  37.6  25  22.9  25    0.0  25   8.6  25  27.8   25  22.1  25   34.1   79.2 22/11/2014
20141123   327  36.9  25  22.4  25    0.0  25   8.9  25  27.5   25  22.1  25   35.4   81.6 23/11/2014
20141124   328  35.3  25  18.3  25    0.0  25   8.4  25  27.8   25  18.5  25   32.4   88.0 24/11/2014
20141125   329  36.8  25  18.4  25    0.0  25   8.5  25  27.0   25  19.4  25   31.3   91.7 25/11/2014
20141126   330  35.4  25  21.7  25    0.0  25   7.1  25  19.7   25  20.4  25   35.5   78.6 26/11/2014
20141127   331  34.8  25  18.5  25    1.7  25   7.3  25  21.5   25  20.1  25   36.1   94.4 27/11/2014
20141128   332  34.2  25  20.2  25    0.4  25   7.7  25  18.8   25  19.5  25   36.3   82.4 28/11/2014
20141129   333  32.2  25  20.2  25    1.2  25   6.4  25  21.0   25  18.4  25   38.3   77.8 29/11/2014
20141130   334  33.9  25  15.6  25    0.0  25   8.5  25  27.8   25  15.0  25   28.4   84.7 30/11/2014
20141201   335  34.2  25  15.9  25    0.0  25   7.6  25  25.8   25  14.9  25   27.7   82.5  1/12/2014
20141202   336  35.0  25  18.9  25    0.0  25   7.8  25  26.5   25  17.8  25   31.7   81.6  2/12/2014
20141203   337  35.4  25  16.8  25    0.0  25   8.1  25  24.4   25  17.9  25   31.1   93.6  3/12/2014
20141204   338  34.7  25  19.5  25    0.0  25   6.5  25  19.0   25  19.7  25   35.6   86.9  4/12/2014
20141205   339  35.7  25  19.8  25    0.0  25   6.4  25  20.0   25  20.4  25   34.9   88.4  5/12/2014
20141206   340  31.8  25  22.2  25    0.0  25   8.1  25  17.8   25  22.9  25   48.7   85.6  6/12/2014
20141207   341  36.7  25  19.8  25    0.0  25   9.3  25  21.0   25  24.2  25   39.2  100.0  7/12/2014
20141208   342  36.5  25  22.6  25    0.0  25   7.1  25  17.6   25  27.0  25   44.2   98.5  8/12/2014
20141209   343  35.1  25  19.8  25   25.9  25   6.1  25  24.1   25  25.9  25   45.8  100.0  9/12/2014
20141210   344  34.6  25  20.3  25   11.0  25   7.3  25  26.9   25  25.2  25   45.8  100.0 10/12/2014
20141211   345  34.5  25  23.0  25    0.0  25   9.5  25  18.3   25  26.8  25   49.0   95.4 11/12/2014
20141212   346  31.6  25  21.0  25   75.3  25  11.8  25  19.2   25  23.8  25   51.2   95.7 12/12/2014
20141213   347  23.8  25  18.8  25   25.4  25   2.8  25  10.1   25  21.4  25   72.6   98.7 13/12/2014
20141214   348  29.6  25  17.0  25   19.8  25   5.4  25  24.9   25  18.0  25   43.4   92.9 14/12/2014
20141215   349  33.0  25  17.3  25    0.0  25   7.0  25  29.7   25  20.9  25   41.5  100.0 15/12/2014
20141216   350  35.8  25  19.3  25    0.0  25   7.9  25  30.4   25  23.0  25   39.1  100.0 16/12/2014
20141217   351  36.8  25  22.2  25    0.0  25   8.9  25  26.1   25  22.1  25   35.6   82.6 17/12/2014
20141218   352  36.9  25  22.1  25    0.0  25   7.4  25  25.7   25  19.5  25   31.2   73.3 18/12/2014
20141219   353  31.1  25  20.6  25    3.3  25   7.0  25  19.1   25  22.8  25   50.5   94.0 19/12/2014
20141220   354  35.0  25  18.5  25    0.0  25   7.3  25  29.0   25  21.7  25   38.6  100.0 20/12/2014
20141221   355  32.9  25  20.4  25    0.0  25   8.1  25  26.0   25  20.6  25   41.2   86.0 21/12/2014
20141222   356  31.6  25  20.3  25    7.6  25   7.4  25  27.5   25  20.4  25   43.9   85.7 22/12/2014
20141223   357  32.1  25  16.7  25    0.2  25   7.4  25  26.7   25  18.3  25   38.3   96.3 23/12/2014
20141224   358  33.3  25  18.5  25    0.0  25   7.6  25  27.9   25  19.3  25   37.7   90.7 24/12/2014
20141225   359  33.5  25  19.4  25    0.0  25   6.4  25  26.2   25  20.7  25   40.0   91.9 25/12/2014
20141226   360  33.2  25  21.8  25    0.0  25   6.4  25  20.2   25  23.2  25   45.6   88.9 26/12/2014
20141227   361  32.4  25  20.8  25    0.0  25   4.9  25  20.2   25  24.1  25   49.6   98.1 27/12/2014
20141228   362  31.3  25  20.8  25    0.0  25   4.2  25  16.7   25  24.0  25   52.5   97.7 28/12/2014
20141229   363  31.9  25  22.5  25    1.4  25   6.9  25  16.4   25  25.3  25   53.5   92.9 29/12/2014
20141230   364  34.4  25  21.5  25    6.1  25   5.6  25  24.6   25  28.2  25   51.8  100.0 30/12/2014
20141231   365  35.7  25  21.8  25    0.0  25   7.4  25  27.7   25  25.7  25   44.0   98.4 31/12/2014
20150101     1  34.3  25  22.4  25    1.2  25   5.9  25  24.9   25  25.4  25   47.0   93.8  1/01/2015
20150102     2  32.3  25  20.7  25    0.0  25   6.0  25  22.7   25  25.3  25   52.3  100.0  2/01/2015
20150103     3  31.2  25  21.5  25    0.0  25   6.3  25  17.6   25  23.4  25   51.5   91.3  3/01/2015
20150104     4  32.3  25  21.0  25    0.0  25   7.3  25  27.3   25  22.1  25   45.7   88.9  4/01/2015
20150105     5  30.9  25  19.5  25    0.1  25   5.6  25  12.2   25  21.4  25   47.9   94.5  5/01/2015
20150106     6  30.7  25  21.6  25    1.5  25   6.1  25  21.9   25  21.8  25   49.4   84.5  6/01/2015
20150107     7  31.8  25  18.7  25    0.0  25   6.8  25  26.9   25  20.3  25   43.2   94.2  7/01/2015
20150108     8  31.4  25  18.6  25    0.0  25   5.5  25  24.4   25  20.4  25   44.4   95.2  8/01/2015
20150109     9  32.4  25  18.0  25    0.0  25   7.0  25  26.4   25  20.4  25   41.9   98.9  9/01/2015
20150110    10  33.0  25  19.3  25    0.0  25   7.5  25  26.0   25  20.4  25   40.6   91.2 10/01/2015
20150111    11  33.8  25  20.9  25    0.0  25   8.1  25  28.2   25  21.4  25   40.7   86.6 11/01/2015
20150112    12  33.9  25  20.0  25    0.0  25   7.0  25  21.2   25  23.1  25   43.7   98.8 12/01/2015
20150113    13  34.8  25  22.1  25    0.0  25   5.5  25  22.2   25  22.4  25   40.3   84.2 13/01/2015
20150114    14  33.3  25  24.1  25    0.0  25   5.6  25  14.7   25  25.8  25   50.4   86.0 14/01/2015
20150115    15  33.9  25  23.3  25   27.7  25   5.9  25  20.3   25  29.1  25   55.0  100.0 15/01/2015
20150116    16  35.2  25  22.8  25    5.5  25   7.3  25  25.6   25  28.7  25   50.5  100.0 16/01/2015
20150117    17  36.3  25  23.1  25    0.0  25   6.4  25  23.8   25  27.7  25   45.9   98.0 17/01/2015
20150118    18  37.4  25  21.7  25    0.0  25   7.7  25  27.2   25  24.3  25   37.9   93.6 18/01/2015
20150119    19  37.6  25  19.0  25    0.0  25   7.5  25  27.6   25  22.6  25   34.9  100.0 19/01/2015
20150120    20  32.4  25  22.4  25    0.0  25   5.4  25  22.0   25  24.6  25   50.6   90.8 20/01/2015
20150121    21  27.1  25  20.1  25    6.4  25   3.8  25   8.9   25  24.8  25   69.2  100.0 21/01/2015
20150122    22  25.6  25  20.5  25    5.0  25   2.5  25   8.1   25  25.1  25   76.5  100.0 22/01/2015
20150123    23  31.6  25  20.5  25   13.0  25   4.5  25  19.0   25  24.3  25   52.3  100.0 23/01/2015
20150124    24  34.0  25  20.6  25    1.1  25   5.3  25  24.0   25  25.6  25   48.1  100.0 24/01/2015
20150125    25  36.9  25  23.1  25    0.0  25   6.7  25  24.1   25  29.7  25   47.6  100.0 25/01/2015
20150126    26  36.5  25  22.6  25   10.3  25   7.5  25  26.2   25  25.4  25   41.6   92.7 26/01/2015
20150127    27  32.1  25  22.4  25   14.8  25   4.6  25  18.5   25  27.8  25   58.1  100.0 27/01/2015
20150128    28  28.3  25  21.7  25   15.1  25   3.1  25  13.1   25  25.9  25   67.3   99.8 28/01/2015
20150129    29  28.9  25  20.1  25   13.4  25   3.9  25  21.8   25  22.3  25   56.0   94.8 29/01/2015
20150130    30  31.4  25  19.5  25    2.8  25   5.5  25  26.1   25  23.2  25   50.5  100.0 30/01/2015
20150131    31  33.0  25  18.9  25    0.0  25   6.5  25  27.4   25  24.7  25   49.1  100.0 31/01/2015
20150201    32  34.5  25  18.8  25    6.0  25   7.0  25  28.2   25  25.3  25   46.3  100.0  1/02/2015
20150202    33  34.1  25  18.9  25    0.0  25   7.9  25  25.1   25  24.1  25   45.1  100.0  2/02/2015
20150203    34  29.8  25  19.7  25    7.5  25   5.2  25  23.0   25  21.9  25   52.2   95.5  3/02/2015
20150204    35  29.5  25  18.9  25    0.0  25   5.2  25  20.8   25  20.8  25   50.5   95.3  4/02/2015
20150205    36  30.3  25  18.7  25    0.0  25   5.9  25  23.8   25  20.2  25   46.8   93.7  5/02/2015
20150206    37  30.4  25  17.8  25    0.0  25   5.9  25  24.3   25  19.5  25   44.9   95.7  6/02/2015
20150207    38  30.5  25  18.6  25    0.0  25   5.2  25  22.3   25  19.6  25   44.9   91.5  7/02/2015
20150208    39  31.7  25  17.4  25    0.0  25   4.8  25  26.9   25  19.7  25   42.1   99.2  8/02/2015
20150209    40  32.3  25  17.3  25    0.0  25   7.2  25  27.0   25  21.0  25   43.4  100.0  9/02/2015
20150210    41  31.0  25  18.4  25    0.0  25   8.0  25  26.1   25  20.4  25   45.4   96.4 10/02/2015
20150211    42  31.2  25  17.6  25    0.0  25   5.5  25  22.5   25  20.2  25   44.5  100.0 11/02/2015
20150212    43  31.8  25  19.2  25    7.7  25   5.8  25  24.2   25  21.5  25   45.7   96.7 12/02/2015
20150213    44  31.5  25  18.5  25    0.0  25   6.8  25  25.4   25  20.0  25   43.3   94.0 13/02/2015
20150214    45  31.3  25  19.4  25    0.0  25   7.3  25  25.2   25  21.3  25   46.6   94.6 14/02/2015
20150215    46  31.5  25  16.1  25    0.0  25   6.9  25  27.5   25  19.2  25   41.5  100.0 15/02/2015
20150216    47  31.6  25  17.6  25    0.0  25   7.2  25  24.4   25  19.7  25   42.4   97.9 16/02/2015
20150217    48  31.4  25  16.8  25    0.0  25   6.8  25  25.6   25  18.7  25   40.7   97.8 17/02/2015
20150218    49  30.6  25  17.2  25    0.0  25   4.8  25  14.0   25  21.8  25   49.6  100.0 18/02/2015
20150219    50  27.7  25  21.5  25    0.0  25   3.0  25   8.1   25  25.1  25   67.6   97.9 19/02/2015
20150220    51  27.9  25  21.5  25   27.3  25   2.2  25   9.3   25  26.5  25   70.5  100.0 20/02/2015
20150221    52  33.5  25  21.4  25   51.4  25   5.1  25  20.4   25  25.2  25   48.7   98.9 21/02/2015
20150222    53  35.8  25  21.8  25    0.0  25   7.1  25  25.1   25  29.1  25   49.5  100.0 22/02/2015
20150223    54  34.7  25  21.8  25    0.0  25   6.7  25  26.2   25  24.8  25   44.8   95.0 23/02/2015
20150224    55  33.2  25  21.1  25    0.0  25   6.6  25  25.2   25  23.9  25   47.0   95.6 24/02/2015
20150225    56  33.1  25  20.2  25    0.0  25   6.8  25  25.1   25  23.3  25   46.1   98.5 25/02/2015
20150226    57  33.5  25  19.3  25    0.0  25   6.9  25  25.1   25  21.8  25   42.1   97.4 26/02/2015
20150227    58  33.2  25  21.7  25    0.0  25   5.6  25  22.9   25  24.3  25   47.8   93.6 27/02/2015
20150228    59  33.8  25  20.9  25    0.0  25   6.1  25  23.0   25  24.1  25   45.8   97.5 28/02/2015
20150301    60  33.9  25  20.3  25    0.0  25   5.8  25  23.9   25  23.6  25   44.6   99.1  1/03/2015
20150302    61  34.7  25  21.3  25    0.0  25   7.0  25  23.9   25  24.9  25   45.0   98.3  2/03/2015
20150303    62  33.3  25  19.6  25    1.2  25   6.8  25  24.1   25  21.7  25   42.4   95.2  3/03/2015
20150304    63  35.0  25  17.5  25    0.2  25   6.3  25  26.2   25  20.4  25   36.3  100.0  4/03/2015
20150305    64  36.9  25  19.9  25    0.0  25   7.2  25  25.9   25  25.6  25   41.0  100.0  5/03/2015
20150306    65  33.8  25  19.2  25    0.0  25   6.2  25  24.7   25  13.5  25   25.7   60.7  6/03/2015
20150307    66  35.2  25  15.6  25    0.0  25   6.3  25  25.2   25  17.6  25   31.0   99.4  7/03/2015
20150308    67  35.0  25  18.6  25    0.0  25   6.7  25  24.4   25  23.4  25   41.6  100.0  8/03/2015
20150309    68  34.5  25  20.1  25    0.0  25   5.5  25  24.7   25  23.5  25   43.0   99.9  9/03/2015
20150310    69  34.2  25  21.0  25    0.0  25   4.7  25  22.2   25  24.3  25   45.2   97.8 10/03/2015
20150311    70  33.2  25  21.2  25    0.0  25   5.4  25  19.8   25  24.0  25   47.2   95.4 11/03/2015
20150312    71  32.1  25  20.9  25    4.2  25   5.4  25  22.5   25  20.8  25   43.5   84.2 12/03/2015
20150313    72  32.5  25  15.5  25    0.0  25   7.3  25  24.5   25  19.4  25   39.7  100.0 13/03/2015
20150314    73  32.1  25  17.8  25    0.0  25   5.6  25  24.6   25  19.6  25   41.0   96.2 14/03/2015
20150315    74  33.7  25  15.3  25    0.0  25   5.6  25  24.8   25  19.5  25   37.3  100.0 15/03/2015
20150316    75  33.8  25  15.3  25    0.0  25   6.2  25  23.5   25  20.9  25   39.7  100.0 16/03/2015
20150317    76  32.0  25  17.1  25    0.0  25   6.0  25  21.0   25  20.0  25   42.1  100.0 17/03/2015
20150318    77  33.8  25  16.6  25    0.0  25   6.6  25  24.1   25  20.4  25   38.8  100.0 18/03/2015
20150319    78  37.2  25  20.0  25    0.0  25   6.8  25  24.5   25  21.4  25   33.7   91.6 19/03/2015
20150320    79  38.6  25  19.5  25    0.0  25   6.2  25  24.1   25  24.7  25   36.1  100.0 20/03/2015
20150321    80  36.3  25  20.6  25    0.0  25   7.0  25  23.1   25  23.1  25   38.2   95.2 21/03/2015
20150322    81  32.6  25  21.0  25   34.9  25   5.9  25  18.2   25  25.2  25   51.2  100.0 22/03/2015
20150323    82  32.5  25  19.7  25    5.5  25   4.8  25  19.6   25  24.5  25   50.1  100.0 23/03/2015
20150324    83  32.7  25  18.5  25    0.0  25   5.4  25  20.8   25  22.9  25   46.3  100.0 24/03/2015
20150325    84  34.5  25  19.7  25    0.0  25   5.5  25  21.3   25  24.3  25   44.4  100.0 25/03/2015
20150326    85  34.5  25  21.1  25    0.0  25   6.9  25  19.9   25  26.2  25   47.9  100.0 26/03/2015
20150327    86  33.0  25  20.4  25    0.0  25   4.8  25  20.9   25  20.8  25   41.3   86.8 27/03/2015
20150328    87  33.0  25  18.5  25    0.0  25   4.3  25  18.8   25  20.1  25   40.0   94.4 28/03/2015
20150329    88  31.1  25  20.9  25    0.0  25   5.4  25  18.0   25  23.5  25   52.0   95.1 29/03/2015
20150330    89  32.1  25  16.0  25    0.0  25   5.0  25  20.9   25  18.9  25   39.5  100.0 30/03/2015
20150331    90  27.5  25  18.3  25    0.0  25   3.9  25  12.1   25  19.8  25   53.9   94.2 31/03/2015
20150401    91  30.3  25  15.9  25    0.0  25   4.3  25  19.0   25  20.0  25   46.3  100.0  1/04/2015
20150402    92  30.2  25  17.1  25    0.3  25   3.0  25  18.0   25  20.3  25   47.3  100.0  2/04/2015
20150403    93  29.7  25  18.6  25    0.0  25   2.7  25  16.6   25  23.0  25   55.2  100.0  3/04/2015
20150404    94  30.0  25  20.1  25    1.0  25   2.9  25   9.5   25  23.2  25   54.7   98.7  4/04/2015
20150405    95  32.0  25  19.6  25   11.0  25   4.8  25  19.3   25  24.1  25   50.7  100.0  5/04/2015
20150406    96  32.8  25  16.0  25    0.4  25   4.2  25  18.6   25  21.4  25   43.0  100.0  6/04/2015
20150407    97  31.5  25  19.1  25   21.7  25   4.8  25  16.1   25  21.3  25   46.1   96.4  7/04/2015
20150408    98  27.3  25  11.0  25    0.0  25   6.1  25  22.6   25   8.1  25   22.3   61.7  8/04/2015
20150409    99  28.2  25   8.0  25    0.0  25   4.9  25  19.0   25  12.1  25   31.6  100.0  9/04/2015
20150410   100  29.6  25   9.3  25    0.0  25   4.4  25  19.9   25  14.7  25   35.5  100.0 10/04/2015
20150411   101  29.4  25  13.9  25    0.0  25   4.8  25  19.5   25  16.0  25   39.0  100.0 11/04/2015
20150412   102  30.6  25  13.3  25    0.0  25   5.1  25  21.2   25  18.4  25   41.9  100.0 12/04/2015
20150413   103  30.9  25  12.2  25    0.0  25   4.4  25  18.7   25  18.7  25   41.9  100.0 13/04/2015
20150414   104  31.0  25  13.2  25    0.0  25   5.0  25  20.2   25  17.8  25   39.6  100.0 14/04/2015
20150415   105  30.4  25  12.7  25    0.0  25   5.4  25  18.4   25  17.5  25   40.3  100.0 15/04/2015
20150416   106  30.7  25  12.8  25    0.0  25   5.0  25  19.8   25  17.3  25   39.2  100.0 16/04/2015
20150417   107  30.3  25  14.0  25    0.0  25   4.2  25  18.8   25  19.3  25   44.7  100.0 17/04/2015
20150418   108  30.4  25  16.4  25    0.0  25   4.4  25  16.2   25  20.3  25   46.8  100.0 18/04/2015
20150419   109  30.8  25  15.9  25    0.0  25   3.8  25  12.9   25  21.0  25   47.3  100.0 19/04/2015
20150420   110  19.1  25  18.0  25    1.4  25   2.6  25   5.8   25  19.0  25   86.0   92.1 20/04/2015
20150421   111  23.0  25   7.2  25    3.7  25   4.0  25  20.9   25   9.8  25   34.9   96.5 21/04/2015
20150422   112  24.4  25   5.6  25    0.0  25   3.7  25  19.7   25  12.2  25   39.9  100.0 22/04/2015
20150423   113  26.9  25   6.8  25    0.0  25   3.8  25  19.9   25  12.4  25   35.0  100.0 23/04/2015
20150424   114  29.4  25   9.6  25    0.0  25   3.8  25  19.5   25  14.0  25   34.2  100.0 24/04/2015
20150425   115  31.5  25   9.8  25    0.0  25   5.7  25  20.4   25  13.1  25   28.3  100.0 25/04/2015
20150426   116  25.0  25  10.8  25    0.0  25   6.0  25  20.9   25   8.0  25   25.3   61.8 26/04/2015
20150427   117  25.8  25   4.4  25    0.0  25   4.4  25  20.4   25   9.7  25   29.2  100.0 27/04/2015
20150428   118  27.1  25   6.7  25    0.0  25   3.9  25  19.6   25   8.8  25   24.5   89.7 28/04/2015
20150429   119  27.6  25   9.8  25    0.0  25   3.9  25  16.6   25  14.2  25   38.5  100.0 29/04/2015
20150430   120  18.6  25  16.3  25    5.2  25   2.3  25   5.4   25  18.5  25   86.4   99.9 30/04/2015
20150501   121  22.3  25  13.9  25   50.3  25   2.4  25  10.8   25  16.9  25   62.8  100.0  1/05/2015
20150502   122  23.4  25  10.2  25    0.0  25   2.7  25  11.0   25  16.3  25   56.7  100.0  2/05/2015
20150503   123  28.2  25  12.8  25    0.0  25   3.4  25  17.8   25  16.5  25   43.2  100.0  3/05/2015
20150504   124  30.1  25  11.9  25    0.0  25   3.0  25  18.3   25  17.0  25   39.8  100.0  4/05/2015
20150505   125  30.9  25  12.9  25    0.0  25   3.5  25  18.9   25  17.3  25   38.7  100.0  5/05/2015
20150506   126  31.4  25  12.5  25    0.0  25   4.3  25  18.6   25  17.4  25   37.9  100.0  6/05/2015
20150507   127  25.5  25  10.7  25    0.0  25   4.6  25  19.4   25   8.3  25   25.4   64.5  7/05/2015
20150508   128  24.7  25   5.6  25    0.0  25   4.1  25  19.3   25   8.9  25   28.6   97.9  8/05/2015
20150509   129  25.4  25   4.2  25    0.0  25   3.4  25  19.0   25   8.4  25   25.9  100.0  9/05/2015
20150510   130  26.0  25   4.2  25    0.0  25   3.9  25  18.9   25  10.2  25   30.4  100.0 10/05/2015
20150511   131  26.4  25   3.1  25    0.0  25   3.7  25  19.0   25   8.8  25   25.6  100.0 11/05/2015
20150512   132  27.3  25   4.6  25    0.0  25   3.4  25  18.7   25  10.2  25   28.1  100.0 12/05/2015
20150513   133  26.6  25   5.3  25    0.0  25   4.8  25  18.2   25  10.6  25   30.4  100.0 13/05/2015
20150514   134  19.5  25   6.1  25    0.0  25   4.5  25  18.9   25   5.2  25   23.0   55.3 14/05/2015
20150515   135  23.8  25   1.1  25    0.0  25   3.7  25  18.4   25   6.9  25   23.4  100.0 15/05/2015
20150516   136  26.3  25   8.3  25    0.0  25   3.6  25  17.3   25  11.9  25   34.8  100.0 16/05/2015
20150517   137  24.0  25  12.3  25    0.0  25   2.8  25   8.2   25  15.4  25   51.6  100.0 17/05/2015
20150518   138  26.8  25  14.0  25    0.0  25   3.1  25  13.8   25  16.5  25   46.8  100.0 18/05/2015
20150519   139  28.3  25  12.1  25    0.0  25   2.8  25  15.0   25  17.4  25   45.2  100.0 19/05/2015
20150520   140  30.3  25  12.8  25    0.0  25   3.4  25  15.6   25  18.0  25   41.7  100.0 20/05/2015
20150521   141  28.1  25  13.0  25    0.0  25   2.9  25  12.7   25  17.7  25   46.6  100.0 21/05/2015
20150522   142  20.4  25  12.4  25    0.1  25   4.0  25  17.1   25  11.2  25   46.8   77.8 22/05/2015
20150523   143  23.5  25   6.4  25    0.0  25   3.2  25  17.1   25  11.5  25   39.7  100.0 23/05/2015
20150524   144  25.5  25   6.1  25    0.0  25   4.2  25  17.2   25  11.4  25   34.9  100.0 24/05/2015
20150525   145  24.8  25  10.3  25    0.0  25   3.5  25  12.1   25  13.8  25   44.1  100.0 25/05/2015
20150526   146  25.5  25  10.3  25    0.0  25   2.2  25  12.0   25  13.4  25   41.1  100.0 26/05/2015
20150527   147  27.2  25   9.4  25    0.0  25   2.6  25  13.0   25  14.3  25   39.6  100.0 27/05/2015
20150528   148  28.0  25   9.3  25    0.0  25   2.7  25  16.0   25  16.2  25   42.9  100.0 28/05/2015
20150529   149  28.2  25   9.0  25    0.0  25   3.0  25  15.4   25  16.0  25   41.8  100.0 29/05/2015
20150530   150  29.1  25  10.6  25    0.0  25   2.7  25  15.9   25  17.1  25   42.4  100.0 30/05/2015
20150531   151  28.4  25  12.3  25    0.3  25   2.3  25  11.4   25  18.7  25   48.3  100.0 31/05/2015
20150601   152  22.9  25  15.4  25    0.0  25   3.0  25   5.3   25  17.3  25   62.0   98.9  1/06/2015
20150602   153  20.3  25   4.3  25    0.0  25   3.6  25  16.9   25   7.3  25   30.7   87.9  2/06/2015
20150603   154  22.4  25  -0.7  25    0.0  25   2.6  25  14.7   25   6.1  25   22.5  100.0  3/06/2015
20150604   155  24.9  25   2.9  25    0.0  25   2.3  25  16.3   25   7.4  25   23.5   98.4  4/06/2015
20150605   156  24.1  25   1.5  25    0.0  25   4.6  25  16.5   25   8.3  25   27.7  100.0  5/06/2015
20150606   157  22.3  25   1.9  25    0.0  25   3.5  25  16.9   25   8.4  25   31.2  100.0  6/06/2015
20150607   158  25.1  25   4.6  25    0.0  25   3.0  25  14.9   25  12.0  25   37.7  100.0  7/06/2015
20150608   159  24.2  25   9.9  25    0.0  25   3.1  25   9.6   25  15.9  25   52.7  100.0  8/06/2015
20150609   160  24.1  25  10.0  25    0.0  25   1.6  25   4.4   25  13.3  25   44.3  100.0  9/06/2015
20150610   161  26.7  25  10.0  25    0.0  25   2.9  25  12.8   25  15.1  25   43.1  100.0 10/06/2015
20150611   162  25.2  25  12.8  25    0.0  25   3.0  25   9.3   25  15.8  25   49.3  100.0 11/06/2015
20150612   163  23.1  25  15.5  25    1.2  25   2.5  25   8.4   25  15.9  25   56.3   90.3 12/06/2015
20150613   164  23.3  25  12.2  25    0.0  25   2.4  25   7.1   25  15.7  25   54.9  100.0 13/06/2015
20150614   165  24.8  25  15.9  25    0.0  25   2.9  25   8.6   25  16.5  25   52.7   91.4 14/06/2015
20150615   166  25.8  25  11.5  25    0.0  25   2.1  25  10.9   25  16.6  25   50.0  100.0 15/06/2015
20150616   167  25.2  25  11.5  25    0.0  25   1.4  25   7.4   25  17.7  25   55.2  100.0 16/06/2015
20150617   168  21.3  25  12.9  25   19.1  25   2.1  25   7.5   25  18.1  25   71.5  100.0 17/06/2015
20150618   169  25.0  25   9.9  25    8.9  25   2.3  25  15.4   25  15.7  25   49.6  100.0 18/06/2015
20150619   170  22.2  25   9.0  25    0.0  25   2.5  25  13.9   25  13.5  25   50.5  100.0 19/06/2015
20150620   171  19.5  25   4.7  25    0.0  25   3.8  25  13.7   25  11.3  25   49.9  100.0 20/06/2015
20150621   172  22.3  25   3.2  25    0.0  25   2.6  25  15.6   25  10.6  25   39.4  100.0 21/06/2015
20150622   173  23.9  25   6.9  25    0.0  25   2.8  25  14.5   25  12.1  25   40.8  100.0 22/06/2015
20150623   174  23.3  25   7.6  25    0.0  25   2.5  25  12.7   25  13.7  25   47.9  100.0 23/06/2015
20150624   175  23.5  25   8.3  25    0.0  25   1.7  25  11.2   25  14.3  25   49.4  100.0 24/06/2015
20150625   176  23.2  25   8.9  25    0.1  25   2.1  25  11.5   25  14.9  25   52.4  100.0 25/06/2015
20150626   177  21.6  25   8.8  25    0.6  25   2.4  25  12.0   25  13.2  25   51.2  100.0 26/06/2015
20150627   178  24.1  25   9.9  25    0.0  25   2.7  25  13.1   25  14.1  25   47.0  100.0 27/06/2015
20150628   179  24.9  25   9.7  25    0.0  25   2.9  25  14.4   25  16.0  25   50.8  100.0 28/06/2015
20150629   180  25.6  25   8.8  25    0.0  25   2.8  25  14.0   25  15.6  25   47.5  100.0 29/06/2015
20150630   181  24.0  25  12.3  25    0.0  25   2.4  25  10.2   25  15.6  25   52.3  100.0 30/06/2015
20150701   182  25.0  25   9.5  25    0.0  25   2.7  25  15.3   25  14.8  25   46.7  100.0  1/07/2015
20150702   183  21.7  25   6.0  25    0.0  25   2.9  25  15.9   25  11.7  25   45.1  100.0  2/07/2015
20150703   184  19.5  25   3.3  25    0.0  25   2.5  25  16.7   25   8.3  25   36.6  100.0  3/07/2015
20150704   185  23.6  25   2.0  25    0.0  25   2.4  25  14.1   25   8.3  25   28.5  100.0  4/07/2015
20150705   186  24.4  25   7.0  25    0.0  25   2.9  25  15.6   25  11.2  25   36.7  100.0  5/07/2015
20150706   187  25.0  25   5.0  25    0.0  25   2.8  25  16.2   25  11.5  25   36.3  100.0  6/07/2015
20150707   188  24.4  25   5.4  25    0.0  25   3.1  25  16.5   25  11.9  25   38.9  100.0  7/07/2015
20150708   189  23.4  25   3.2  25    0.0  25   3.0  25  15.9   25   7.6  25   26.4   98.9  8/07/2015
20150709   190  23.1  25  10.3  25    0.0  25   3.2  25  12.7   25  13.2  25   46.7  100.0  9/07/2015
20150710   191  24.2  25   9.8  25    0.0  25   2.3  25  12.4   25  11.9  25   39.4   98.3 10/07/2015
20150711   192  24.1  25   9.4  25    0.0  25   2.7  25  10.9   25  14.8  25   49.3  100.0 11/07/2015
20150712   193  18.8  25   7.5  25    0.1  25   3.9  25  17.2   25   7.7  25   35.5   74.3 12/07/2015
20150713   194  18.9  25   0.1  25    0.0  25   3.3  25  17.4   25   6.6  25   30.2  100.0 13/07/2015
20150714   195  19.5  25   0.7  25    0.0  25   2.6  25  17.4   25   7.6  25   33.5  100.0 14/07/2015
20150715   196  20.4  25   1.0  25    0.0  25   2.7  25  12.4   25   8.0  25   33.4  100.0 15/07/2015
20150716   197  19.0  25   2.7  25    0.0  25   2.3  25  12.0   25   9.4  25   42.8  100.0 16/07/2015
20150717   198  18.0  25   0.0  25    0.0  25   2.6  25  17.6   25   7.0  25   33.9  100.0 17/07/2015
20150718   199  18.7  25  -1.9  25    0.0  25   2.6  25  17.7   25   7.7  25   35.7  100.0 18/07/2015
20150719   200  21.4  25  -1.0  25    0.0  25   2.6  25  15.7   25   7.4  25   29.0  100.0 19/07/2015
20150720   201  23.3  25   5.2  25    0.0  25   2.9  25  15.1   25  12.7  25   44.4  100.0 20/07/2015
20150721   202  20.6  25   9.8  25    0.0  25   2.2  25   8.4   25  14.0  25   57.7  100.0 21/07/2015
20150722   203  25.8  25   8.1  25    0.1  25   2.4  25   9.1   25  15.3  25   46.1  100.0 22/07/2015
20150723   204  26.1  25  11.6  25    0.0  25   2.8  25  12.3   25  16.5  25   48.8  100.0 23/07/2015
20150724   205  28.0  25  10.0  25    0.0  25   2.5  25  14.3   25  16.4  25   43.4  100.0 24/07/2015
20150725   206  26.8  25  15.1  25    0.0  25   2.4  25  12.1   25  15.9  25   45.1   92.7 25/07/2015
20150726   207  30.2  25  12.0  25    0.0  25   4.2  25  16.4   25  15.8  25   36.8  100.0 26/07/2015
20150727   208  24.8  25  14.3  25    0.0  25   5.2  25  14.0   25  11.0  25   35.2   67.5 27/07/2015
20150728   209  21.8  25   8.0  25    0.0  25   4.0  25  17.0   25   6.9  25   26.4   64.4 28/07/2015
20150729   210  23.7  25   4.5  25    0.0  25   3.0  25  18.1   25   9.0  25   30.7  100.0 29/07/2015
20150730   211  24.8  25   5.0  25    0.0  25   3.1  25  18.3   25  10.0  25   32.0  100.0 30/07/2015
20150731   212  26.5  25   3.4  25    0.0  25   3.1  25  18.6   25  11.8  25   34.1  100.0 31/07/2015
20150801   213  27.1  25   3.5  25    0.0  25   3.2  25  18.1   25   9.4  25   26.2  100.0  1/08/2015
20150802   214  27.0  25   4.8  25    0.0  25   3.4  25  18.8   25  12.3  25   34.5  100.0  2/08/2015
20150803   215  27.8  25   6.7  25    0.0  25   3.6  25  17.7   25  13.6  25   36.4  100.0  3/08/2015
20150804   216  22.5  25   8.9  25    0.0  25   4.1  25  17.2   25   9.4  25   34.5   82.5  4/08/2015
20150805   217  19.8  25   2.4  25    0.0  25   4.1  25  19.4   25   6.8  25   29.5   93.7  5/08/2015
20150806   218  20.5  25  -0.1  25    0.0  25   3.9  25  19.2   25   6.8  25   28.2  100.0  6/08/2015
20150807   219  20.5  25   0.5  25    0.0  25   3.6  25  19.7   25   7.2  25   29.9  100.0  7/08/2015
20150808   220  22.4  25  -0.5  25    0.0  25   3.0  25  19.8   25   6.7  25   24.7  100.0  8/08/2015
20150809   221  24.3  25   0.3  25    0.0  25   3.3  25  19.9   25   8.4  25   27.7  100.0  9/08/2015
20150810   222  26.7  25   3.6  25    0.0  25   3.7  25  19.4   25  10.4  25   29.7  100.0 10/08/2015
20150811   223  28.5  25   3.9  25    0.0  25   4.0  25  18.6   25   9.6  25   24.7  100.0 11/08/2015
20150812   224  29.9  25   8.4  25    0.0  25   6.2  25  18.6   25  15.4  25   36.5  100.0 12/08/2015
20150813   225  23.2  25   8.9  25    0.0  25   5.1  25  20.8   25   7.1  25   25.0   62.3 13/08/2015
20150814   226  23.6  25   0.3  25    0.0  25   4.1  25  20.6   25   7.6  25   26.1  100.0 14/08/2015
20150815   227  24.6  25   0.8  25    0.0  25   3.6  25  19.3   25   7.0  25   22.6  100.0 15/08/2015
20150816   228  25.3  25   3.0  25    0.0  25   4.0  25  18.0   25  10.8  25   33.5  100.0 16/08/2015
20150817   229  26.3  25   3.9  25    0.0  25   4.3  25  19.9   25  10.5  25   30.7  100.0 17/08/2015
20150818   230  25.2  25   4.6  25    0.0  25   4.0  25  17.7   25   8.2  25   25.6   96.7 18/08/2015
20150819   231  26.3  25   2.1  25    0.0  25   4.1  25  20.6   25   7.6  25   22.2  100.0 19/08/2015
20150820   232  27.3  25   5.1  25    0.0  25   4.6  25  19.9   25  11.7  25   32.3  100.0 20/08/2015
20150821   233  25.5  25   8.4  25    0.0  25   3.0  25  12.2   25  14.6  25   44.8  100.0 21/08/2015
20150822   234  27.5  25  13.0  25    0.5  25   2.6  25  10.1   25  18.1  25   49.3  100.0 22/08/2015
20150823   235  29.2  25  13.5  25    0.6  25   4.2  25  15.0   25  19.5  25   48.1  100.0 23/08/2015
20150824   236  28.6  25  14.2  25    0.0  25   3.9  25  14.9   25  17.9  25   45.7  100.0 24/08/2015
20150825   237  29.3  25  13.6  25    0.0  25   4.1  25  18.1   25  18.3  25   44.9  100.0 25/08/2015
20150826   238  29.7  25  12.9  25    0.4  25   5.0  25  18.6   25  16.5  25   39.6  100.0 26/08/2015
20150827   239  25.7  25  15.5  25   11.1  25   3.3  25  12.7   25  18.1  25   54.8  100.0 27/08/2015
20150828   240  26.3  25  15.8  25    0.6  25   4.6  25  16.9   25  16.4  25   47.9   91.4 28/08/2015
20150829   241  25.0  25  12.6  25    0.0  25   3.3  25   8.7   25  11.9  25   37.6   81.6 29/08/2015
20150830   242  23.4  25  12.9  25    9.5  25   3.9  25  15.0   25  14.1  25   49.0   94.8 30/08/2015
20150831   243  22.7  25   5.6  25    0.0  25   4.5  25  22.7   25   8.4  25   30.5   92.4 31/08/2015
20150901   244  26.1  25   2.9  25    0.0  25   4.4  25  23.1   25   9.7  25   28.7  100.0  1/09/2015
20150902   245  29.2  25   5.4  25    0.0  25   4.7  25  19.5   25  13.0  25   32.1  100.0  2/09/2015
20150903   246  28.3  25  17.9  25   10.3  25   6.3  25  20.3   25  16.7  25   43.4   81.5  3/09/2015
20150904   247  24.8  25   7.9  25    0.0  25   4.4  25  21.6   25   9.2  25   29.4   86.4  4/09/2015
20150905   248  26.4  25   6.0  25    0.0  25   4.0  25  21.2   25  12.6  25   36.6  100.0  5/09/2015
20150906   249  27.4  25   8.1  25    0.0  25   4.1  25  17.4   25  14.7  25   40.3  100.0  6/09/2015
20150907   250  27.7  25   9.5  25    0.0  25   4.0  25  18.3   25  16.9  25   45.5  100.0  7/09/2015
20150908   251  27.7  25  10.9  25    0.0  25   4.7  25  19.3   25  14.3  25   38.5  100.0  8/09/2015
20150909   252  25.6  25   9.8  25    0.0  25   5.5  25  23.6   25   7.1  25   21.6   58.6  9/09/2015
20150910   253  26.6  25   5.5  25    0.0  25   5.0  25  24.3   25  10.3  25   29.6  100.0 10/09/2015
20150911   254  27.1  25   9.2  25    0.0  25   5.1  25  19.0   25  12.7  25   35.4  100.0 11/09/2015
20150912   255  27.2  25  11.0  25    0.0  25   5.1  25  19.8   25  15.9  25   44.1  100.0 12/09/2015
20150913   256  27.6  25   9.5  25    0.0  25   4.8  25  19.3   25  16.6  25   45.0  100.0 13/09/2015
20150914   257  28.1  25   8.9  25    0.0  25   5.3  25  21.7   25  12.1  25   31.8  100.0 14/09/2015
20150915   258  29.2  25   8.2  25    0.0  25   4.8  25  20.7   25  14.2  25   35.0  100.0 15/09/2015
20150916   259  30.4  25  10.7  25    0.0  25   5.7  25  22.2   25  16.3  25   37.5  100.0 16/09/2015
20150917   260  31.3  25  13.8  25    0.0  25   5.5  25  20.2   25  16.2  25   35.5  100.0 17/09/2015
20150918   261  26.7  25   9.4  25    0.0  25   6.7  25  22.9   25   6.8  25   19.4   57.7 18/09/2015
20150919   262  25.2  25   9.5  25    0.0  25   4.2  25  13.7   25  12.3  25   38.4  100.0 19/09/2015
20150920   263  28.2  25  12.3  25    0.0  25   4.3  25  17.5   25  13.9  25   36.4   97.2 20/09/2015
20150921   264  28.8  25   9.4  25    0.0  25   4.8  25  20.7   25  14.2  25   35.9  100.0 21/09/2015
20150922   265  31.0  25   9.2  25    0.0  25   5.7  25  23.8   25  14.3  25   31.8  100.0 22/09/2015
20150923   266  25.2  25   8.1  25    0.0  25   7.6  25  25.0   25   6.1  25   19.0   56.5 23/09/2015
20150924   267  25.1  25   3.9  25    0.0  25   5.3  25  24.5   25   8.3  25   26.1  100.0 24/09/2015
20150925   268  26.2  25   4.7  25    0.0  25   5.0  25  23.8   25   9.1  25   26.8  100.0 25/09/2015
20150926   269  27.4  25   5.8  25    0.0  25   5.4  25  24.1   25  10.5  25   28.8  100.0 26/09/2015
20150927   270  27.9  25   8.9  25    0.0  25   4.9  25  21.9   25  13.3  25   35.4  100.0 27/09/2015
20150928   271  29.6  25   8.6  25    0.0  25   5.2  25  23.6   25  15.0  25   36.2  100.0 28/09/2015
20150929   272  30.3  25  10.7  25    0.0  25   6.1  25  24.2   25  15.7  25   36.4  100.0 29/09/2015
20150930   273  29.6  25  13.0  25    3.0  25   5.3  25  24.8   25  15.1  25   36.4  100.0 30/09/2015
20151001   274  31.7  25  11.5  25    0.0  25   5.5  25  25.4   25  16.8  25   35.9  100.0  1/10/2015
20151002   275  31.3  25  12.0  25    0.0  25   7.6  25  25.5   25  15.4  25   33.7  100.0  2/10/2015
20151003   276  30.8  25   9.2  25    0.0  25   7.2  25  25.9   25  13.2  25   29.7  100.0  3/10/2015
20151004   277  31.7  25   9.1  25    0.0  25   6.4  25  24.4   25  14.6  25   31.2  100.0  4/10/2015
20151005   278  34.9  25   9.2  25    0.0  25   8.2  25  26.1   25  13.7  25   24.5  100.0  5/10/2015
20151006   279  33.1  25   7.1  25    0.0  25   7.0  25  25.8   25  12.1  25   23.9  100.0  6/10/2015
20151007   280  33.0  25   7.5  25    0.0  25   7.7  25  26.1   25  11.5  25   22.9  100.0  7/10/2015
20151008   281  30.4  25  13.8  25    0.0  25   8.3  25  24.0   25  14.6  25   33.6   92.6  8/10/2015
20151009   282  30.8  25  15.6  25    0.0  25   6.4  25  22.2   25  15.6  25   35.1   88.1  9/10/2015
20151010   283  29.7  25  15.8  25    0.0  25   7.1  25  21.9   25  15.3  25   36.7   85.3 10/10/2015
20151011   284  29.4  25  12.8  25    0.0  25   6.4  25  22.3   25  13.6  25   33.2   92.1 11/10/2015
20151012   285  31.9  25  10.6  25    0.0  25   6.8  25  25.0   25  13.5  25   28.6  100.0 12/10/2015
20151013   286  33.4  25  12.1  25    0.0  25   6.3  25  22.6   25  15.9  25   30.9  100.0 13/10/2015
20151014   287  31.0  25  16.7  25    0.1  25   5.8  25  22.4   25  16.7  25   37.2   87.9 14/10/2015
20151015   288  28.9  25  14.4  25   22.3  25   5.3  25  20.6   25  16.6  25   41.7  100.0 15/10/2015
20151016   289  30.5  25  13.0  25    0.2  25   6.7  25  25.1   25  16.1  25   36.9  100.0 16/10/2015
20151017   290  31.6  25  11.9  25    0.0  25   7.5  25  26.8   25  14.9  25   32.1  100.0 17/10/2015
20151018   291  31.3  25  12.2  25    0.0  25   8.9  25  25.2   25  14.8  25   32.4  100.0 18/10/2015
20151019   292  31.1  25  12.9  25    0.0  25   7.1  25  22.3   25  15.1  25   33.4  100.0 19/10/2015
20151020   293  31.2  25  11.3  25    0.0  25   7.0  25  23.3   25  14.1  25   31.0  100.0 20/10/2015
20151021   294  32.3  25  12.0  25    0.0  25   7.1  25  23.9   25  14.9  25   30.8  100.0 21/10/2015
20151022   295  35.4  25  14.5  25    0.0  25   7.1  25  24.6   25  17.6  25   30.6  100.0 22/10/2015
20151023   296  34.4  25  16.7  25    4.6  25   9.2  25  26.8   25  18.1  25   33.3   95.3 23/10/2015
20151024   297  31.2  25  19.2  25    1.7  25   6.0  25  19.1   25  20.1  25   44.2   90.4 24/10/2015
20151025   298  30.9  25  16.8  25   52.7  25   5.8  25  24.4   25  20.7  25   46.3  100.0 25/10/2015
20151026   299  31.6  25  18.8  25    6.2  25   6.2  25  13.5   25  21.5  25   46.3   99.1 26/10/2015
20151027   300  33.5  25  17.8  25    0.0  25   5.7  25  26.2   25  20.9  25   40.4  100.0 27/10/2015
20151028   301  32.5  25  19.4  25    0.0  25   7.3  25  22.4   25  20.7  25   42.3   91.9 28/10/2015
20151029   302  30.0  25  18.1  25   14.2  25   4.9  25  17.5   25  20.1  25   47.4   96.8 29/10/2015
20151030   303  25.6  25  19.4  25    6.0  25   2.9  25  11.4   25  20.4  25   62.2   90.6 30/10/2015
20151031   304  29.1  25  16.0  25    0.0  25   5.0  25  16.3   25  18.1  25   44.9   99.6 31/10/2015
20151101   305  28.5  25  15.6  25    0.0  25   4.8  25  16.9   25  18.8  25   48.3  100.0  1/11/2015
20151102   306  31.4  25  19.4  25    0.0  25   5.6  25  22.9   25  20.0  25   43.5   88.8  2/11/2015
20151103   307  33.9  25  16.8  25    0.0  25   7.3  25  26.9   25  19.8  25   37.4  100.0  3/11/2015
20151104   308  34.9  25  17.9  25    0.0  25   7.6  25  23.7   25  20.1  25   35.9   98.1  4/11/2015
20151105   309  34.7  25  20.3  25    0.0  25   8.2  25  22.8   25  21.2  25   38.3   89.0  5/11/2015
20151106   310  33.4  25  20.1  25   17.2  25   6.0  25  23.7   25  23.2  25   45.1   98.7  6/11/2015
20151107   311  32.1  25  20.5  25    0.0  25   5.5  25  22.5   25  20.6  25   43.1   85.5  7/11/2015
20151108   312  34.1  25  17.2  25    4.0  25   7.4  25  25.0   25  19.0  25   35.5   96.9  8/11/2015
20151109   313  30.4  25  16.8  25    0.0  25   6.2  25  19.9   25  19.4  25   44.7  100.0  9/11/2015
20151110   314  32.6  25  14.4  25    2.6  25   6.7  25  27.6   25  17.4  25   35.4  100.0 10/11/2015
20151111   315  32.1  25  15.7  25    0.0  25   7.1  25  21.0   25  17.1  25   35.8   95.9 11/11/2015
20151112   316  32.3  25  16.2  25    0.0  25   6.1  25  22.5   25  18.1  25   37.4   98.3 12/11/2015
20151113   317  33.8  25  19.4  25    0.0  25   6.7  25  25.3   25  20.4  25   38.8   90.6 13/11/2015
20151114   318  34.8  25  19.2  25    0.0  25   7.5  25  24.0   25  22.1  25   39.7   99.4 14/11/2015
20151115   319  32.9  25  19.1  25    8.2  25   7.8  25  23.7   25  22.9  25   45.8  100.0 15/11/2015
20151116   320  27.9  25  18.9  25    2.9  25   4.7  25  23.5   25  18.2  25   48.4   83.4 16/11/2015
20151117   321  27.8  25  15.2  25   30.2  25   5.3  25  17.4   25  19.2  25   51.4  100.0 17/11/2015
20151118   322  31.2  25  14.8  25    0.8  25   6.6  25  28.5   25  16.7  25   36.8   99.3 18/11/2015
20151119   323  35.2  25  15.3  25    0.0  25   8.0  25  28.4   25  18.0  25   31.7  100.0 19/11/2015
20151120   324  34.9  25  15.6  25    0.0  25   9.0  25  29.8   25  17.9  25   32.0  100.0 20/11/2015
20151121   325  34.3  25  15.9  25    0.0  25   8.1  25  30.0   25  18.6  25   34.4  100.0 21/11/2015
20151122   326  33.5  25  18.3  25    0.0  25   9.2  25  28.0   25  21.6  25   41.8  100.0 22/11/2015
20151123   327  34.6  25  18.3  25    0.0  25   7.1  25  28.5   25  21.5  25   39.1  100.0 23/11/2015
20151124   328  35.8  25  18.9  25    0.0  25   8.0  25  29.0   25  22.1  25   37.6  100.0 24/11/2015
20151125   329  34.6  25  20.9  25    0.0  25   7.8  25  27.5   25  20.8  25   37.8   84.2 25/11/2015
20151126   330  36.1  25  19.0  25    0.0  25   9.6  25  28.1   25  22.4  25   37.5  100.0 26/11/2015
20151127   331  39.2  25  21.1  25    0.0  25   8.8  25  29.7   25  24.7  25   34.9   98.8 27/11/2015
20151128   332  36.9  25  19.9  25    0.0  25   8.7  25  26.7   25  24.7  25   39.6  100.0 28/11/2015
20151129   333  34.3  25  20.8  25   21.9  25   7.8  25  28.2   25  24.7  25   45.7  100.0 29/11/2015
20151130   334  34.2  25  20.7  25    0.0  25   7.7  25  28.0   25  23.1  25   42.9   94.7 30/11/2015
20151201   335  33.7  25  20.9  25    0.0  25   6.4  25  18.6   25  23.1  25   44.2   93.5  1/12/2015
20151202   336  28.7  25  20.9  25    0.0  25   4.3  25  19.8   25  23.2  25   58.9   93.9  2/12/2015
20151203   337  33.7  25  18.6  25    0.0  25   9.1  25  24.3   25  22.9  25   43.8  100.0  3/12/2015
20151204   338  31.3  25  18.4  25    2.4  25   6.7  25  28.4   25  18.3  25   40.0   86.5  4/12/2015
20151205   339  31.9  25  16.0  25    0.0  25   7.9  25  27.9   25  15.8  25   33.4   87.0  5/12/2015
20151206   340  33.3  25  16.7  25    0.0  25   8.6  25  27.4   25  17.2  25   33.6   90.5  6/12/2015
20151207   341  33.7  25  17.1  25    0.0  25   7.5  25  28.9   25  18.4  25   35.2   94.4  7/12/2015
20151208   342  33.5  25  17.9  25    0.0  25   8.6  25  26.5   25  20.6  25   39.8  100.0  8/12/2015
20151209   343  34.1  25  17.1  25    0.0  25   7.7  25  21.4   25  19.3  25   36.1   99.0  9/12/2015
20151210   344  35.7  25  19.4  25    0.0  25   7.4  25  26.5   25  21.7  25   37.1   96.4 10/12/2015
20151211   345  37.5  25  20.1  25    0.0  25   8.6  25  26.2   25  21.3  25   33.0   90.6 11/12/2015
20151212   346  26.2  25  21.0  25   29.7  25   2.9  25  11.0   25  20.7  25   60.9   83.3 12/12/2015
20151213   347  31.0  25  18.0  25    4.0  25   5.2  25  21.1   25  20.9  25   46.5  100.0 13/12/2015
20151214   348  34.2  25  16.8  25    0.0  25   7.7  25  28.6   25  18.3  25   34.0   95.7 14/12/2015
20151215   349  34.9  25  15.8  25    0.0  25   9.4  25  27.2   25  17.6  25   31.5   98.1 15/12/2015
20151216   350  33.0  25  16.7  25    0.0  25   7.0  25  23.4   25  17.9  25   35.6   94.2 16/12/2015
20151217   351  33.7  25  19.7  25    0.0  25   7.8  25  26.2   25  18.1  25   34.6   78.9 17/12/2015
20151218   352  33.3  25  17.1  25    0.0  25   7.7  25  28.5   25  17.6  25   34.4   90.3 18/12/2015
20151219   353  33.7  25  16.3  25    0.0  25   7.9  25  27.7   25  16.9  25   32.3   91.2 19/12/2015
20151220   354  32.7  25  15.7  25    0.0  25   8.8  25  24.9   25  17.7  25   35.8   99.3 20/12/2015
20151221   355  35.2  25  17.3  25    0.0  25   9.0  25  27.7   25  18.4  25   32.4   93.2 21/12/2015
20151222   356  35.7  25  17.0  25    0.0  25   8.0  25  25.7   25  19.8  25   33.9  100.0 22/12/2015
20151223   357  37.2  25  18.4  25    0.0  25   8.7  25  28.2   25  19.1  25   30.1   90.3 23/12/2015
20151224   358  34.0  25  19.5  25    0.0  25   7.3  25  24.0   25  18.4  25   34.6   81.2 24/12/2015
20151225   359  34.7  25  20.7  25    0.0  25   7.5  25  25.0   25  21.0  25   38.0   86.1 25/12/2015
20151226   360  37.0  25  19.1  25    0.0  25   7.5  25  23.2   25  21.9  25   34.9   99.1 26/12/2015
20151227   361  32.9  25  22.6  25    0.0  25   5.3  25  22.1   25  25.0  25   50.0   91.2 27/12/2015
20151228   362  27.9  25  22.6  25    0.1  25   4.9  25  12.9   25  23.2  25   61.7   84.6 28/12/2015
20151229   363  32.7  25  20.1  25    1.9  25   8.3  25  22.6   25  17.2  25   34.8   73.1 29/12/2015
20151230   364  33.7  25  16.2  25    0.0  25   7.9  25  27.7   25  14.5  25   27.7   78.8 30/12/2015
20151231   365  35.1  25  16.8  25    0.0  25   8.4  25  25.6   25  14.8  25   26.2   77.4 31/12/2015
20160101     1  35.3  25  17.8  25    0.0  25   9.0  25  25.5   25  14.5  25   25.4   71.2  1/01/2016
20160102     2  35.6  25  17.7  25    0.0  25   8.7  25  22.5   25  19.0  25   32.7   93.9  2/01/2016
20160103     3  30.7  25  21.8  25    0.0  25   6.0  25  16.5   25  19.6  25   44.4   75.1  3/01/2016
20160104     4  28.4  25  19.9  25    4.2  25   2.4  25  10.2   25  22.9  25   59.2   98.6  4/01/2016
20160105     5  31.0  25  20.3  25    3.3  25   4.4  25  13.8   25  22.2  25   49.4   93.2  5/01/2016
20160106     6  35.6  25  19.6  25    0.0  25   9.0  25  29.2   25  22.1  25   38.0   96.9  6/01/2016
20160107     7  36.4  25  18.2  25    0.0  25   9.2  25  29.7   25  17.6  25   29.0   84.3  7/01/2016
20160108     8  35.8  25  18.4  25    0.0  25   6.7  25  27.1   25  21.1  25   35.9   99.8  8/01/2016
20160109     9  34.3  25  20.8  25    3.9  25   6.2  25  20.8   25  22.1  25   40.9   90.0  9/01/2016
20160110    10  35.5  25  19.1  25    0.0  25   7.5  25  26.1   25  22.1  25   38.2  100.0 10/01/2016
20160111    11  37.0  25  19.5  25    0.0  25   8.2  25  28.5   25  20.8  25   33.1   91.8 11/01/2016
20160112    12  38.6  25  18.4  25    0.0  25   8.3  25  29.1   25  23.0  25   33.6  100.0 12/01/2016
20160113    13  38.9  25  18.4  25    0.0  25   9.9  25  27.8   25  20.1  25   28.9   95.0 13/01/2016
20160114    14  36.4  25  17.4  25    0.0  25   8.5  25  29.3   25  18.5  25   30.5   93.1 14/01/2016
20160115    15  38.0  25  18.9  25    0.0  25   9.4  25  25.6   25  23.2  25   35.0  100.0 15/01/2016
20160116    16  31.7  25  23.0  25    0.0  25   6.5  25  14.5   25  20.9  25   44.7   74.4 16/01/2016
20160117    17  33.5  25  19.9  25    0.1  25   7.7  25  14.3   25  17.0  25   32.9   73.2 17/01/2016
20160118    18  33.4  25  18.4  25    0.0  25   7.4  25  26.3   25  17.2  25   33.4   81.3 18/01/2016
20160119    19  35.5  25  17.6  25    0.0  25   7.8  25  27.6   25  17.6  25   30.4   87.5 19/01/2016
20160120    20  36.9  25  18.6  25    0.0  25   8.6  25  29.2   25  17.6  25   28.2   82.2 20/01/2016
20160121    21  37.7  25  17.5  25    0.0  25   7.8  25  27.1   25  18.1  25   27.8   90.6 21/01/2016
20160122    22  38.7  25  19.0  25    0.0  25   8.9  25  26.4   25  20.3  25   29.5   92.4 22/01/2016
20160123    23  40.1  25  21.8  25    0.0  25   9.9  25  25.9   25  21.5  25   29.0   82.4 23/01/2016
20160124    24  39.3  25  23.2  25    0.0  25   8.6  25  24.7   25  25.2  25   35.5   88.7 24/01/2016
20160125    25  37.1  25  22.2  25    0.4  25   8.4  25  24.6   25  25.8  25   40.9   96.4 25/01/2016
20160126    26  35.8  25  22.8  25    0.7  25   5.0  25  17.0   25  25.8  25   43.9   93.0 26/01/2016
20160127    27  33.5  25  22.5  25   26.2  25   7.3  25  16.3   25  24.6  25   47.6   90.3 27/01/2016
20160128    28  33.4  25  23.1  25    5.8  25   6.7  25  15.9   25  28.3  25   55.0  100.0 28/01/2016
20160129    29  37.9  25  24.3  25    0.0  25   6.3  25  21.5   25  29.7  25   45.1   97.8 29/01/2016
20160130    30  35.8  25  24.5  25    1.3  25   8.0  25  17.2   25  28.5  25   48.5   92.7 30/01/2016
20160131    31  34.4  25  23.4  25   24.9  25   6.8  25  22.7   25  30.7  25   56.4  100.0 31/01/2016
20160201    32  36.2  25  23.5  25    6.1  25   8.2  25  23.3   25  29.8  25   49.6  100.0  1/02/2016
20160202    33  36.9  25  24.2  25    0.0  25   7.6  25  22.2   25  30.2  25   48.4  100.0  2/02/2016
20160203    34  33.0  25  23.7  25   20.9  25   7.7  25  16.0   25  30.7  25   61.0  100.0  3/02/2016
20160204    35  34.9  25  23.5  25   50.5  25   5.0  25  22.9   25  30.7  25   54.9  100.0  4/02/2016
20160205    36  25.4  25  22.4  25    1.1  25   3.0  25   7.9   25  24.0  25   74.0   88.6  5/02/2016
20160206    37  27.4  25  22.3  25    0.5  25   3.4  25   9.1   25  23.7  25   64.9   88.1  6/02/2016
20160207    38  29.2  25  21.8  25    0.0  25   4.0  25  11.8   25  23.7  25   58.5   90.8  7/02/2016
20160208    39  31.8  25  21.5  25    0.0  25   6.2  25  22.8   25  22.5  25   47.9   87.8  8/02/2016
20160209    40  31.5  25  19.0  25    0.0  25   7.3  25  24.2   25  21.0  25   45.4   95.6  9/02/2016
20160210    41  31.6  25  17.7  25    0.0  25   6.6  25  26.0   25  19.6  25   42.2   96.8 10/02/2016
20160211    42  32.3  25  18.3  25    0.0  25   7.2  25  26.3   25  20.7  25   42.8   98.5 11/02/2016
20160212    43  32.1  25  18.7  25    1.2  25   7.1  25  26.4   25  20.6  25   43.1   95.6 12/02/2016
20160213    44  32.9  25  17.4  25    0.0  25   6.9  25  22.6   25  19.7  25   39.4   99.2 13/02/2016
20160214    45  34.5  25  17.8  25    0.0  25   7.6  25  25.9   25  20.9  25   38.2  100.0 14/02/2016
20160215    46  36.6  25  16.5  25    0.0  25   7.4  25  27.5   25  21.5  25   35.0  100.0 15/02/2016
20160216    47  38.3  25  18.2  25    0.0  25   7.3  25  26.8   25  22.5  25   33.4  100.0 16/02/2016
20160217    48  38.0  25  20.8  25    0.0  25   7.1  25  26.7   25  20.1  25   30.3   81.9 17/02/2016
20160218    49  37.1  25  22.1  25    0.1  25   7.7  25  25.1   25  24.5  25   38.8   92.1 18/02/2016
20160219    50  35.6  25  22.2  25    4.1  25   6.1  25  26.1   25  25.3  25   43.5   94.6 19/02/2016
20160220    51  34.8  25  21.6  25   28.1  25   5.5  25  20.2   25  25.7  25   46.2   99.7 20/02/2016
20160221    52  33.3  25  20.0  25    0.0  25   7.9  25  23.5   25  21.3  25   41.6   91.1 21/02/2016
20160222    53  32.7  25  22.3  25    0.0  25   6.1  25  20.6   25  21.3  25   43.1   79.1 22/02/2016
20160223    54  32.5  25  17.8  25    0.0  25   7.1  25  26.4   25  19.0  25   38.8   93.3 23/02/2016
20160224    55  32.9  25  18.5  25    0.0  25   6.3  25  24.5   25  20.1  25   40.2   94.4 24/02/2016
20160225    56  34.6  25  18.7  25    0.0  25   6.7  25  27.1   25  20.6  25   37.5   95.6 25/02/2016
20160226    57  37.7  25  18.1  25    0.0  25   7.0  25  27.5   25  22.1  25   33.9  100.0 26/02/2016
20160227    58  36.3  25  19.2  25    0.0  25   6.7  25  23.9   25  22.1  25   36.6   99.4 27/02/2016
20160228    59  36.3  25  21.0  25    0.0  25   8.3  25  23.5   25  22.9  25   37.9   92.1 28/02/2016
20160229    60  35.0  25  20.3  25    4.4  25   7.6  25  25.8   25  22.7  25   40.4   95.3 29/02/2016
20160301    61  34.1  25  20.7  25    0.0  25   6.9  25  16.7   25  24.0  25   44.9   98.3  1/03/2016
20160302    62  34.3  25  23.1  25    0.0  25   5.3  25  16.0   25  24.6  25   45.5   87.1  2/03/2016
20160303    63  34.4  25  21.4  25    0.0  25   6.5  25  19.6   25  23.2  25   42.7   91.1  3/03/2016
20160304    64  33.1  25  19.7  25    0.0  25   6.6  25  21.1   25  20.8  25   41.1   90.7  4/03/2016
20160305    65  31.7  25  20.0  25    0.0  25   5.6  25  14.5   25  20.7  25   44.3   88.6  5/03/2016
20160306    66  30.3  25  21.4  25    0.0  25   4.1  25   9.1   25  22.6  25   52.4   88.7  6/03/2016
20160307    67  29.0  25  22.6  25    0.0  25   3.8  25  13.7   25  22.9  25   57.2   83.5  7/03/2016
20160308    68  33.1  25  20.1  25    0.0  25   5.9  25  19.1   25  20.0  25   39.5   85.0  8/03/2016
20160309    69  33.6  25  17.5  25    0.0  25   5.1  25  20.0   25  21.8  25   41.9  100.0  9/03/2016
20160310    70  34.2  25  19.6  25    1.6  25   5.6  25  21.5   25  21.4  25   39.8   93.9 10/03/2016
20160311    71  34.2  25  20.0  25    0.0  25   6.1  25  23.6   25  21.9  25   40.7   93.7 11/03/2016
20160312    72  33.5  25  20.3  25    0.0  25   6.2  25  22.4   25  20.7  25   40.0   86.9 12/03/2016
20160313    73  34.3  25  19.7  25    0.0  25   7.3  25  22.8   25  22.4  25   41.4   97.6 13/03/2016
20160314    74  34.4  25  20.9  25    0.0  25   7.1  25  22.6   25  21.3  25   39.2   86.2 14/03/2016
20160315    75  34.2  25  19.1  25    0.0  25   6.3  25  24.7   25  20.2  25   37.6   91.4 15/03/2016
20160316    76  31.9  25  19.7  25    0.0  25   4.8  25  17.3   25  21.3  25   45.1   92.9 16/03/2016
20160317    77  33.4  25  22.2  25    0.0  25   5.4  25  20.3   25  22.8  25   44.3   85.2 17/03/2016
20160318    78  36.2  25  19.8  25    0.5  25   5.4  25  22.0   25  25.1  25   41.8  100.0 18/03/2016
20160319    79  36.3  25  21.7  25    6.1  25   6.0  25  21.7   25  25.1  25   41.6   96.7 19/03/2016
20160320    80  33.9  25  19.8  25    0.0  25   5.8  25  20.8   25  19.7  25   37.2   85.3 20/03/2016
20160321    81  31.5  25  20.9  25    0.8  25   4.8  25  18.3   25  22.2  25   48.0   89.9 21/03/2016
20160322    82  32.2  25  19.7  25    5.2  25   5.4  25  20.6   25  22.2  25   46.2   96.8 22/03/2016
20160323    83  32.6  25  18.7  25    1.0  25   4.8  25  21.9   25  22.6  25   45.9  100.0 23/03/2016
20160324    84  32.8  25  19.9  25    0.0  25   4.6  25  21.2   25  22.6  25   45.4   97.3 24/03/2016
20160325    85  32.1  25  19.8  25    0.0  25   5.7  25  20.2   25  20.7  25   43.3   89.7 25/03/2016
20160326    86  31.8  25  17.6  25    0.0  25   3.8  25  20.5   25  19.2  25   40.8   95.5 26/03/2016
20160327    87  30.8  25  20.1  25    9.9  25   5.1  25  18.3   25  22.1  25   49.8   94.0 27/03/2016
20160328    88  32.0  25  16.7  25    0.1  25   4.8  25  18.1   25  21.6  25   45.4  100.0 28/03/2016
20160329    89  33.9  25  17.4  25    0.0  25   5.9  25  22.2   25  21.6  25   40.8  100.0 29/03/2016
20160330    90  33.4  25  17.5  25    0.0  25   5.2  25  20.1   25  21.3  25   41.4  100.0 30/03/2016
20160331    91  32.2  25  21.2  25    7.2  25   4.0  25  16.7   25  22.2  25   46.2   88.2 31/03/2016
